8000000000000000
0000000000000000
4000000000000000
0000000000000000
2000000000000000
0000000000000000
8000000000000000
0000000000000000
0800000000000000
0000000000000000
0400000000000000
0000000000000000
0200000000000000
0000000000000000
0800000000000000
0000000000000000
0080000000000000
0000000000000000
0040000000000000
0000000000000000
0020000000000000
0000000000000000
0080000000000000
0000000000000000
0008000000000000
0000000000000000
0004000000000000
0000000000000000
0002000000000000
0000000000000000
0008000000000000
0000000000000000
0000800000000000
0000000000000000
0000400000000000
0000000000000000
0000200000000000
0000000000000000
0000800000000000
0000000000000000
0000080000000000
0000000000000000
0000040000000000
0000000000000000
0000020000000000
0000000000000000
0000080000000000
0000000000000000
0000008000000000
0000000000000000
0000004000000000
0000000000000000
0000002000000000
0000000000000000
0000008000000000
0000000000000000
0000000800000000
0000000000000000
0000000400000000
0000000000000000
0000000200000000
0000000000000000